7
6
6
3
0.8099444
0.8542099
-0.7421858
-0.5516367
0.8568232
0.4600827
-0.9617124
0.7454627
0.2817549
-0.3863765
-0.4796566
-0.01268637
-0.4760207
0.1395205
-0.3353661
-0.6104591
0.03054655
0.938822
-0.09269178
0.3667175
0.8929679
-0.1326925
0.1155401
-0.4680783
-0.4784743
-0.8698523
0.5304346
0.4835972
0.5708127
-0.5507379
-0.2617847
-0.8050506
-0.9964111
0.3197787
-0.1505703
0.9143016
0.9678342
0.3136217
-0.8727374
0.3584928
-0.06334603
-0.5614061
0.2687497
-0.04077518
-0.01233065
-0.9674599
-0.3469948
0.7055566
-0.916297
-0.851408
-0.05794871
-0.3780378
-0.1026181
-0.1222724
0.375745
0.9763138
0.1713294
0.05369294
0.9408784
-0.6892896
-0.1650311
-0.2887582
-0.3294603
0.5466998
0.860543
-0.1613041
0.0172962
-0.4319757
0.9351804
0.7365055
0.5648875
-0.9550378
0.3767886
0.2912566
-0.7611353
-0.7648809
-0.6218433
0.6676896
0.394578
-0.1455697
0.9763627
0.004725337
0.2163054
0.680428
-0.6696186
0.8217652
-0.7365401
-0.12898
-0.9340022
-0.9282975
-0.5036352
0.4250147
0.5543294
-0.4835571
-0.05978644
0.5014973
0.3591518
-0.9787591
-0.07540715
-0.2923826
-0.1857597
-0.7607372
-0.6423063
-0.04494774
-0.7150855
0.5895839
0.849582
-0.444872
-0.8691957
-0.4263362
0.268605
