8
6
4
3
-0.6622267
0.2483793
0.5822783
0.6997087
-0.5493786
0.4010477
-0.326435
-0.341699
0.7940805
0.9716306
-0.4932545
-0.7237298
0.292531
-0.4289762
0.3025207
-0.2203702
0.5133765
-0.1971403
-0.9216747
0.9433632
0.8659236
0.4840698
0.8961122
0.04048526
-0.4204279
0.8026154
0.64275
0.1306525
0.08898604
0.6293399
-0.02424371
-0.2326485
0.6116328
-0.552248
0.533613
0.393847
0.7090347
-0.9622233
0.8716989
0.8655756
0.8806086
-0.7279758
-0.09738481
0.865602
0.3969881
-0.6284056
0.3999943
0.1772343
0.2907619
0.1555105
0.6960061
0.9969382
-0.6406198
-0.4106821
0.2009882
-0.3641115
-0.8358448
0.9069366
-0.7526739
0.1639632
0.8607397
-0.6247962
-0.604955
-0.2325033
0.8870051
0.1128701
-0.9900103
-0.8161128
-0.3252579
0.3737771
-0.06401002
0.8961394
-0.5686297
-0.9140093
-0.3170604
-0.6884658
-0.4304837
-0.6360137
0.4605689
0.8738487
-0.4051369
-0.2157973
-0.6625731
-0.4397246
0.6042714
0.7034926
0.918191
-0.8425562
0.5043831
0.1532956
0.8065357
-0.5292766
0.7864227
-0.9217081
0.7896631
-0.4407104
-0.8105407
-0.2177962
-0.5986283
-0.9195912
