7
8
4
4
-0.1138672
0
-0.2232074
0
0.20739
0.8348229
0.6539226
0.3143675
-0.283769
0.4782524
0
0
0.1941255
-0.4321634
0.195269
-0.4720205
-0.1672696
1
0
-0.4030408
-0.6374459
0.8169081
0.9382701
0
-0.4353174
0.4072163
0.4055202
0
0
-0.5498662
0
0
0.3645818
0.6162777
0
0.7818739
0.7047994
0
0.1819767
0
0.5084701
0.740608
0
0.09025514
0
0.2532293
-0.7996616
-0.6667545
0
0
0.3540113
0
-0.7269282
0.5508039
0.8918085
0
-0.8094797
-0.5219402
0.1403126
-0.8384647
0.7303708
0
0
0
0.4251382
0
0.4239316
0
1
-0.7268057
-0.8680196
0
0
-0.426176
0
-0.3144816
-0.3774103
0
1
-0.7780499
-0.707695
0.1942176
0
-0.2541634
0.3119871
-0.9360218
0.7671456
0.6535804
0.5224903
-0.3606714
-0.2884456
-0.9063783
-0.9180353
0.4644901
0
0.8013926
-0.007415652
0
-0.4096857
0.162623
0
-0.2188929
-0.3500277
0
-0.8096194
0
0
0
0
-0.4176816
0
0
0.6891196
0.4908421
1
0
0.2827177
0
0
-0.07323706
