8
6
4
3
-0.6166999
-0.7382648
0.6603811
0.1502272
-0.03049481
-0.04958045
-0.7097495
0.6261914
0.9824209
0.6110978
0.9327338
0.7449334
0.02484548
-0.7732606
0.04574215
-0.6041458
0.5825815
-0.8209114
0.3705554
-0.2171689
-0.6031189
-0.4521791
0.7093024
0.1033295
-0.7810261
0.3031897
0.9315436
0.09758127
0.08898604
0.3803656
-0.9789371
-0.9390092
0.06153905
0.4958985
0.411725
-0.9241042
-0.8672097
-0.02846181
-0.9424071
0.709702
0.9376831
-0.9231536
0.2732138
0.3259425
-0.523283
0.395885
-0.01876962
-0.05970132
-0.3842813
-0.612762
-0.3369902
-0.6807935
0.316894
-0.3558232
-0.177241
-0.8327923
-0.4192976
0.3756697
-0.6798675
0.4931221
0.4487486
-0.7416108
-0.3370858
-0.3673943
0.8911381
-0.6268663
-0.7255216
-0.862978
-0.4581386
0.6051037
-0.9929755
0.8961394
-0.520087
-0.6445746
-0.6369343
-0.6884658
-0.4440764
-0.7464161
-0.4205619
0.6668725
-0.1054393
-0.05657876
-0.782356
-0.4252223
-0.4348108
0.6364543
0.6992364
-0.07587588
0.3623097
0.599479
0.9590261
-0.9425058
0.995734
-0.8130679
0.585047
0.374552
-0.8415463
-0.7329295
-0.9614992
-0.9489946
