7
8
8
4
-0.7205987
0.3210263
0.1762375
-0.8200042
-0.9554973
0.8068714
-0.2087523
0.9615498
-0.05151641
-0.8113463
0.9738944
0.1067332
-0.3874539
-0.4877867
0.5412161
0.3706462
-0.6987407
0.6976745
0.3268292
0.3691415
-0.8468461
-0.9851151
-0.9914031
0.1511139
-0.8300734
-0.961777
-0.4778374
-0.5548229
-0.2489153
0.7564647
-0.2381412
0.3239302
-0.06536257
0.3700537
0.5411584
-0.03302681
0.4857633
0.9979813
-0.6362598
-0.6423314
-0.4932069
0.5815563
-0.9053273
-0.06800616
0.3928849
0.5127366
0.401433
-0.5490115
0.3865139
0.3754811
0.3086898
0.3154177
0.6900687
-0.1824771
0.9166551
-0.4611365
-0.1811825
-0.8723242
0.583566
-0.7426043
0.3553588
0.6574714
-0.26568
-0.7955139
-0.5907104
0.6778879
0.2479478
0.9188492
-0.6759689
0.2825482
0.5308499
-0.5273404
-0.1271228
-0.1588804
-0.5460098
0.4861288
-0.9322026
0.1258963
-0.2055267
0.6536164
-0.8059709
0.6990235
0.07247961
0.7617292
-0.9388587
0.1139456
0.8696666
-0.4198357
-0.2782701
-0.4442707
0.434396
0.6009655
-0.7547779
0.3637871
0.5408506
-0.9664705
0.02604449
0.8806391
0.4844594
0.03123677
0.06742418
0.7379258
0.4544539
0.676842
-0.9434755
0.1029614
-0.2859255
-0.6488099
-0.6147759
0.2068483
-0.723619
-0.00964582
0.7485192
-0.6182427
-0.1593131
-0.6959255
-0.8818743
0.07530463
0.2029773
0.1032695
-0.4726819
-0.977196
0.2878465
-0.439329
-0.5686171
0.49109
-0.2721025
-0.8896706
-0.08667338
0.1218852
-0.5884123
0.2823853
-0.9821668
-0.2495116
-0.5476527
0.2836425
-0.1805569
0.1512331
0.8251252
-0.138466
-0.3643461
-0.9501283
-0.8385603
-0.46149
-0.401168
-0.3567346
-0.5757508
0.2729292
-0.4479221
0.3492789
-0.6689484
0.9482806
-0.5294588
0.7418542
-0.3223644
-0.8442183
-0.3677212
0.05442822
-0.7894123
-0.1644403
0.1462294
0.392828
-0.3483933
-0.9528477
0.5446484
0.4388234
-0.7488732
-0.3066427
0.4606223
-0.8453648
-0.9920471
0.1873535
-0.05169737
0.4601326
-0.1630639
0.6608889
