7
8
8
4
-0.5950582
0.2074164
0.7846916
0.6935966
-0.9105332
-0.4549025
0.2791857
-0.8222373
-0.5225606
-0.8431077
-0.9304883
0.8056681
0.2803874
0.9890263
0.6817698
-0.4091069
-0.3105916
-0.1659423
-0.3527354
0.3268709
0.7161238
0.8562098
-0.3141509
-0.687264
0.02988422
0.1668051
0.1369725
0.4006703
0.08994305
-0.3748168
0.04194009
-0.501869
0.9455686
0.6078827
0.1120678
0.9362509
-0.5162139
-0.2015098
-0.1810437
0.3938482
-0.5507243
-0.7119725
0.3917417
-0.5149338
-0.4710709
-0.6269796
-0.9970224
0.3807316
-0.5531409
-0.2464339
-0.9846611
0.2367254
0.1689316
0.5695167
-0.4440743
0.3951251
0.2049366
-0.2391163
0.01143014
-0.7963855
0.8054676
0.1909486
-0.8964236
0.007018685
-0.9514222
0.5752907
-0.4680399
0.4495518
-0.6331167
0.2574939
-0.9642808
0.6786668
-0.3916057
0.3379857
-0.859818
-0.7598782
0.54024
0.4343507
-0.4247323
-0.1652662
0.7632706
0.6198039
0.5460899
0.7236857
0.4904766
0.9820874
0.3771395
0.7486784
0.4266205
0.1526943
0.7065234
-0.3400711
-0.9487584
0.9499252
-0.768599
-0.1820189
0.5726764
-0.5555182
0.02300751
-0.03106081
-0.5354111
-0.9878948
-0.3196996
-0.4751352
0.4733689
0.5575416
-0.2621046
-0.1961287
-0.150849
0.724308
0.6968086
-0.4011618
0.1180631
0.1576499
0.7597251
0.217259
0.9725068
0.5408475
-0.2166663
0.7068243
0.1638561
-0.4733728
0.6438656
0.7986226
-0.287973
0.3325255
-0.9835048
0.4641189
0.1293961
0.645649
-0.02515543
0.5288584
0.7422979
-0.769371
-0.1321777
-0.8283293
0.4656052
0.8296142
-0.03935349
0.6001949
-0.2128905
-0.5317571
0.831475
0.8823085
0.04165518
0.09540927
-0.8437283
-0.1491455
-0.1412407
0.2303778
0.9662485
0.1831938
0.9173036
0.2270838
0.8030877
-0.2729915
0.8483419
-0.6307297
-0.8425071
-0.9693563
0.09761584
0.3029084
0.7383754
0.6249664
-0.7445877
0.1902803
-0.3559402
0.9317973
0.4734187
0.5154729
-0.5427303
-0.1292859
-0.8535233
0.79561
-0.9699607
-0.6063981
