7
10
10
4
-0.2817425
-0.8103788
0.7079687
-0.4084896
-0.5194421
0.0622412
-0.2655772
0.3865139
0.543366
0.6780727
-0.1371895
-0.8771775
0.9984741
-0.5655394
-0.4243909
0.4166367
0.07228768
-0.817795
-0.2061721
-0.4037038
-0.3968097
0.2435468
-0.8252106
-0.6107912
0.64376
-0.9431221
-0.2226213
-0.8155007
0.9694815
0.2269405
0.9039564
0.6437564
0.01852953
0.449934
0.403949
-0.3057672
-0.2368678
0.4812259
0.2323643
0.610148
0.5372524
0.6111438
-0.951755
0.006552339
0.5340617
-0.3542329
0.8841343
0.2340583
0.4103014
0.152409
0.6556339
0.9361253
0.6466818
0.1072732
0.5014973
0.3591518
-0.4028121
0.3172304
0.3093168
-0.7493699
-0.2123827
-0.3842887
-0.04494774
0.1605381
-0.6337781
-0.6494489
-0.3292478
-0.5744739
0.9440832
0.8235373
0.7512398
-0.3716551
0.6052401
0.116052
-0.6048331
-0.9092481
-0.8221035
-0.7557731
-0.8649621
-0.8690572
-0.6570385
0.6001365
-0.7562311
0.173035
-0.1857556
0.348247
0.3640225
0.9240496
0.4932024
-0.529588
0.7420356
-0.7689188
0.4669158
0.890794
-0.2216612
-0.3255085
-0.4807369
0.9675348
0.7556777
-0.5582058
-0.4324833
-0.9776328
0.4641385
0.6309252
0.9996417
0.4724772
0.6881886
-0.1408287
-0.4500042
0.03393662
-0.2866057
0.2398597
0.1260101
-0.3208538
0.8190675
-0.8543508
-0.5146685
-0.1932393
-0.5434527
0.7936857
-0.550889
-0.5392249
-0.5326629
0.5469832
-0.7812748
-0.02903593
-0.4676181
0.9955673
0.4333539
0.4025924
0.9274371
-0.1069282
0.2323095
0.3260288
-0.08286083
0.5388002
0.851063
0.9440095
0.05299675
-0.6636283
-0.6032829
-0.8220787
0.7246892
0.758203
-0.4344589
-0.0669533
0.3316579
0.3100338
0.4945798
-0.8494718
-0.2192131
0.7486267
0.8942437
-0.9050617
-0.4157599
0.8423147
-0.7191689
0.3834085
0.7516522
-0.597702
-0.6527705
0.5246825
-0.7433519
-0.1237286
-0.8964727
-0.3773011
0.8080828
-0.9183562
-0.2317647
-0.9657493
-0.4700459
0.5634947
-0.8991835
0.4695964
0.3745262
0.3240812
-0.1307224
0.9307213
-0.5720947
0.7084887
-0.2187136
-0.3090571
-0.9070435
0.6060195
0.1436611
-0.08541977
0.4163129
-0.2111062
-0.003319383
-0.08940494
-0.4543518
0.2825725
-0.0744611
0.6040955
-0.7275009
0.90729
-0.5803304
-0.5168388
-0.1059214
0.8655834
0.8927329
-0.1115674
-0.5953135
0.2819049
0.4012174
0.5459287
-0.5850806
-0.05944026
-0.5937307
0.6438501
-0.6466444
0.1782249
0.5314796
0.1799489
0.2997219
-0.9677618
0.08510888
0.5028937
-0.4733623
0.2017583
-0.07069361
-0.9086668
0.309143
-0.4948775
-0.4801639
-0.9264352
-0.7110364
-0.3529426
0.659941
-0.4089435
0.07860911
-0.918803
-0.8833673
0.04769766
-0.1095058
-0.1464654
0.7274227
0.4949987
-0.9620848
-0.2340304
