7
8
8
4
0.1622254
0.1259967
-0.573823
-0.2056898
-0.6384459
0.9476728
0.3893237
-0.8119113
-0.5242016
0.4645228
-0.5655394
-0.7225399
-0.3874539
-0.4410173
0.7806845
-0.6330967
-0.3195704
-0.9652159
-0.5981276
-0.9388883
0.5036604
-0.3819772
0.7091854
0.2507343
0.3488137
-0.2228082
0.5891545
-0.2419845
-0.9928396
-0.426442
-0.7259765
-0.848664
0.6643262
-0.2434427
-0.157245
-0.0439924
-0.1923302
0.8102591
0.06474578
-0.06482446
0.09970415
-0.05777872
0.6870542
0.3117149
0.2468189
0.4019975
-0.2335171
0.6990035
0.3865139
-0.004500031
0.1031674
-0.4564344
-0.4517971
0.9132183
0.4426915
0.7298281
0.4644901
0.5293396
-0.348009
0.4776995
-0.1251956
-0.4096857
0.418827
0.09470618
-0.2797261
0.3640225
-0.3507742
0.3240459
0.2975514
-0.6129599
0.2825725
0.9241886
-0.9442687
0.6886868
-0.7036185
-0.5233295
0.5362058
0.955682
0.8268743
0.1282345
0.4276774
0.2259556
0.7198205
0.1073166
-0.0505594
0.9525406
-0.7808619
0.4607734
0.2204412
0.4098944
0.2942936
0.7538738
-0.50685
0.7556777
0.49354
-0.1358556
0.3403425
0.4932534
0.3001091
-0.9053912
-0.2636801
-0.0199753
-0.6166165
-0.7703855
0.5389459
0.2279919
-0.8824973
-0.1071371
-0.7860923
0.3875236
0.2932133
0.3092308
-0.7503073
-0.9124446
0.7936857
-0.4301447
0.6768177
-0.377561
0.6080203
0.7769208
0.1110359
-0.0984391
0.7531879
-0.5213873
0.7557058
-0.877073
-0.8769782
0.873605
0.7588868
-0.8064313
-0.1697332
-0.9521918
0.3185308
0.1771089
0.8487029
-0.5784252
-0.2483317
0.1819767
0.2808394
-0.7549729
-0.4651598
-0.2884995
0.8655834
0.7824991
-0.9339616
0.5739119
-0.1910843
0.790658
0.987448
-0.5180926
0.8063114
-0.07783473
0.6900182
0.8063691
0.2219914
0.0325278
-0.5700715
-0.4157599
0.1676339
-0.3476714
0.5758109
0.2299699
0.426176
0.0589112
0.9025848
-0.6301284
0.9612632
0.4025924
0.9144607
-0.7185781
0.3767886
-0.4774555
0.09457386
0.3772237
-0.6929059
0.5576315
