7
8
8
3
0.7953598
-0.4724077
-0.1232511
0.8396943
-0.2488569
0.1267649
0.3306546
0.2067124
0.007411838
-0.9581196
-0.6622145
-0.01793659
0.2805216
0.1065031
0.1846806
0.9996417
-0.9419992
0.8820696
0.7132146
0.959228
0.3964109
-0.9192705
-0.3605396
-0.8810689
-0.9106164
-0.07556522
0.4198315
-0.1149813
-0.318314
0.1391019
0.6617122
-0.8355353
0.5093532
-0.5470953
-0.02701819
-0.2334853
0.1164929
-0.9611418
-0.557328
-0.3109101
0.4077806
0.002395034
-0.8572886
-0.6585126
0.4309935
0.4065437
0.5380776
-0.6483219
0.06148684
0.137973
-0.573668
0.6599674
0.1259156
0.4499283
0.8924086
0.8094535
-0.8561304
0.8469238
0.8405707
0.3287301
0.06148851
0.2715928
0.978193
0.1380261
0.4391932
0.006554008
0.7873595
0.09913599
0.423366
0.09511888
0.7058284
-0.8251476
0.3746786
-0.4685467
0.8447256
0.2849226
-0.970623
-0.089059
-0.3210112
-0.6500561
-0.2244674
-0.8905704
-0.9298561
-0.3706867
0.1085199
0.03771603
0.2992825
-0.1057774
-0.8886628
0.07750046
0.6288424
-0.2421936
-0.2198385
-0.369521
0.7694809
-0.5142756
-0.4502915
0.8413737
-0.2240902
0.8111794
0.2583959
0.1436611
0.01561606
0.4163129
-0.3402644
-0.3497716
0.01663244
0.04680884
0.3001322
-0.09651411
0.6506157
-0.1442424
-0.4398073
0.4936933
-0.4764668
0.8155167
-0.1809078
-0.8880861
-0.09348714
0.2885141
-0.2353679
-0.9657493
0.4188399
-0.421959
-0.7808759
-0.6455359
0.3594169
0.5832705
0.5766547
0.5294929
-0.3230485
-0.7979419
-0.1746761
0.5567751
-0.0781554
-0.5766826
0.5637121
0.817152
-0.01351941
-0.770684
-0.8731244
0.7987251
0.3351965
0.06655681
0.0206207
0.663044
-0.7599444
0.3905251
-0.9708829
0.4661596
0.09923398
-0.3667244
0.5941157
-0.2552122
-0.4643751
0.7229297
-0.7204344
0.10668
-0.2392212
0.4623754
0.9931388
-0.7509661
0.3802917
