7
8
8
4
0.6180413
0.1259967
-0.573823
-0.2056898
-0.7537508
0.8064349
0.3893237
-0.8119113
-0.9364395
0.4645228
-0.5655394
-0.7225399
-0.3874539
-0.07372034
0.7806845
-0.6330967
-0.3195704
-0.3041588
-0.1399993
-0.9388883
0.5036604
0.04702556
0.7091854
0.2507343
0.8034539
-0.7844532
-0.9597943
-0.2419845
-0.967917
-0.426442
-0.7259765
-0.908457
0.6643262
-0.2434427
-0.8757124
0.981014
-0.1923302
0.8102591
0.06474578
-0.4839591
0.09970415
-0.3648375
0.6870542
-0.7396958
0.9732261
0.5594208
-0.2335171
0.4047503
0.3865139
-0.004500031
0.1031674
0.9424791
-0.2503701
0.9132183
0.4426915
0.7298281
0.4644901
0.550051
0.4687638
0.4776995
-0.1251956
-0.4096857
0.5428548
-0.03233635
-0.2797261
0.3640225
-0.7368546
0.3240459
-0.1904963
-0.6129599
0.2825725
0.9241886
-0.9442687
-0.02640188
-0.7036185
0.2697613
0.5362058
0.955682
0.05637348
-0.2293364
0.4276774
-0.661098
0.7198205
0.1073166
-0.6195121
0.9525406
-0.4976879
0.4607734
0.7467077
-0.6083612
0.2942936
-0.2137722
0.574852
-0.2740797
0.49354
-0.1358556
0.7329328
-0.9185181
0.3001091
-0.9053912
-0.2636801
-0.0199753
0.8585963
0.7877653
0.2635138
0.2279919
-0.8824973
-0.1071371
0.9207244
0.6456594
0.03414071
-0.9735723
-0.7503073
-0.9124446
-0.2991446
-0.1581868
0.6768177
-0.08667982
-0.8413868
0.7364652
0.478487
-0.0984391
0.4078617
-0.4686428
0.7557058
-0.877073
-0.8769782
0.873605
0.1007222
0.9148402
-0.1697332
-0.8532782
-0.01447976
0.1771089
0.8487029
0.944628
-0.6916585
0.0723325
0.2940511
-0.7069714
-0.4651598
-0.2884995
-0.8311822
0.7824991
-0.9339616
0.5739119
-0.1910843
0.790658
-0.05961168
-0.2440842
0.1152004
-0.07783473
0.6900182
0.5110767
-0.004688382
0.0325278
-0.5700715
-0.3620626
0.7817423
0.2388529
0.5758109
0.2299699
0.426176
0.0589112
-0.3017141
-0.6301284
0.9612632
0.4025924
0.9144607
-0.7185781
0.3767886
0.5466554
0.09457386
0.3772237
0.4264362
0.5576315
