7
8
8
4
-0.9250724
-0.4452239
-0.3079628
-0.9130142
-0.9005854
-0.4592825
0.6420648
-0.8965065
-0.01996362
-0.1212746
-0.3469533
-0.07784951
0.9753439
-0.4145311
0.2308537
-0.720485
-0.1631104
-0.1958166
-0.4052559
0.3508272
-0.8445127
-0.846288
0.9718306
-0.4573103
-0.04744565
-0.01259577
-0.4208015
-0.6054211
-0.1999716
-0.7503653
-0.9179225
-0.3065699
0.6128099
-0.9420161
0.4371412
0.7741957
0.4644351
-0.2299927
0.7554021
0.5262783
0.2395867
0.3259413
-0.7184651
-0.3197893
0.6917038
0.04976833
-0.7230742
0.1475009
-0.3194348
0.6355431
-0.986738
0.2428044
-0.094257
-0.3489932
0.3940887
-0.9463551
0.09157574
0.3600087
0.9453223
-0.9643817
-0.6683657
-0.5100305
-0.4218296
0.7325845
0.8593547
-0.03750503
0.8509305
0.2290739
-0.09412324
-0.2595295
0.9796486
-0.8163903
-0.4188362
0.5783591
0.1680275
-0.8448901
-0.7812748
0.7004092
0.5008171
-0.8558345
-0.251525
-0.5453908
0.6035638
0.2013141
0.06328762
0.2462074
0.8861976
0.8278201
0.5804467
0.9935317
-0.3051764
-0.7393296
0.9432945
0.2815835
0.03239954
0.0658437
0.4043305
0.7620134
-0.9016659
0.247166
-0.5084121
-0.8290031
0.3590688
-0.9902489
-0.7666981
-0.7568486
0.18496
-0.5074434
-0.5633698
0.3089962
0.2323345
0.9567962
-0.168161
-0.6723809
0.1828045
-0.2479147
0.02883232
-0.1338691
-0.03782547
-0.2569288
0.6917009
0.2018479
-0.2776481
-0.04525506
0.2327477
-0.7980037
0.5815289
-0.8851173
-0.5384026
0.02569735
0.7877467
-0.8116388
0.9798462
-0.69982
-0.1598207
-1.561642E-05
0.4865486
0.6128197
0.6711085
-0.0242666
0.6965876
0.3671755
-0.8187914
0.06956398
0.2506914
0.59694
-0.7229264
-0.07517803
0.7265077
-0.02095568
-0.5866663
-0.7195916
0.37748
0.4071445
0.9544461
0.5568283
-0.7478821
-0.05659163
0.3678145
-0.2745804
-0.3169006
0.2019788
-0.5233405
0.6747913
-0.08558571
-0.4482011
0.2362977
-0.2934638
-0.686048
0.01307499
-0.1563891
0.6665995
0.6686823
-0.6980059
0.02216113
0.6486602
