17
14
14
3
-0.3320409
-0.8329723
-0.9114649
-0.4405726
0.4077024
0.7664363
-0.3033031
0.7790933
0.5847409
0.8085425
-0.8786256
-0.8770783
0.001711965
-0.2357053
0.8329492
0.9568357
-0.04108679
0.2597258
0.8840094
-0.09482658
0.09828556
-0.5214255
0.7050028
0.5122404
0.9280505
0.3817699
0.8036089
0.2383541
0.3607444
-0.7417893
-0.7199044
-0.2666713
-0.06300151
-0.07856548
0.7083178
-0.5825377
0.6413879
0.232385
0.05930841
-0.04699099
-0.9209857
0.5979252
-0.7776465
-0.6583703
0.2366244
0.71278
0.6443036
0.1965085
-0.9530811
0.1777741
0.5532038
0.6240427
0.7456369
-0.1146814
-0.5607891
0.8053124
-0.5300736
-0.8559504
0.204971
-0.4712471
0.02201855
-0.2042743
-0.2931799
-0.01037753
0.2839474
0.08358824
-0.5322964
-0.9226544
-0.009458184
0.1438872
-0.8520658
0.9811993
0.3656454
0.1036228
-0.3217963
-0.8886285
-0.5629568
0.2511046
0.7808082
-0.3130156
-0.1802551
0.6314757
0.9243681
0.002541184
0.2711222
-0.9087908
0.6572325
0.01939237
0.9684784
-0.001421571
-0.8072135
-0.898432
0.4170551
-0.1162533
0.4462199
0.8542974
-0.679754
0.7390742
-0.9916468
-0.3698136
0.3372853
-0.4424666
-0.4993154
-0.6779935
-0.08910596
0.6353476
0.2176529
0.06456625
0.5015793
-0.3463389
-0.7630084
0.3055427
-0.1740719
0.4317
0.07242811
0.2909381
0.0005651712
0.1822637
0.7971442
-0.09535468
-0.7986188
-0.4467012
0.6627047
0.4555518
0.9785585
0.65418
0.5171525
-0.1365451
0.2661636
-0.696435
-0.8126893
-0.5570807
-0.7056761
-0.05232608
0.8143413
-0.9804227
0.5017254
-0.8484895
-0.7907269
-0.7779226
0.00816977
-0.08689344
0.3201146
-0.144524
-0.09467685
0.3446748
-0.9089322
-0.5027106
-0.6860344
-0.3821565
0.517225
0.9609113
0.447581
0.432002
0.1436681
-0.6427453
0.09842908
0.4189532
0.05313456
0.01247203
-0.04056799
-0.1731058
-0.9673204
-0.9479771
-0.6856906
0.7533739
-0.2277859
0.01975095
0.04739535
0.465647
-0.6643994
-0.02082145
-0.3976434
-0.2617673
-0.1284295
-0.3445605
0.244634
0.03109753
-0.8537066
0.8025675
-0.487938
0.9302793
0.5986488
-0.5702746
-0.2010857
-0.7967472
0.9553101
0.9504023
-0.06989014
-0.4881436
0.2642512
-0.1584414
0.9780114
0.3739204
0.09217417
-0.2082506
0.2275237
-0.9269428
-0.9021475
-0.09337962
-0.0968796
0.3171
-0.426381
0.2054979
0.4515619
0.966435
-0.2638236
-0.03431523
0.8963497
0.4017567
0.09995925
-0.1359047
-0.7833824
0.001398444
-0.2766608
0.4678292
0.73963
-0.8996646
-0.6200845
-0.61374
0.4980485
0.1469909
-0.9546006
0.3108523
-0.4300243
0.945102
-0.6151791
-0.1057869
-0.985321
0.08510387
0.8994563
0.5559397
-0.7046032
0.02952588
0.9544945
0.4978277
0.6373739
-0.2426599
0.4818389
-0.226766
0.9494216
-0.04936969
-0.1491688
-0.327613
-0.5995674
0.9124155
-0.1134731
-0.401018
-0.7896168
-0.7450783
0.05437315
0.06869781
-0.3861693
0.7411208
-0.7394488
0.3048336
-0.6383286
0.1003739
0.4269798
0.1817418
-0.255561
-0.689748
0.1462477
0.07678425
0.902735
0.9219573
-0.5555646
0.2139279
-0.8737996
-0.9321148
0.299947
-0.6697676
0.7807357
0.05028546
-0.8672426
-0.001040816
-0.6986907
0.7346129
0.2463878
0.4673357
0.3339712
-0.599725
-0.5826373
-0.486487
-0.2189137
-0.1121985
-0.971544
-0.3143619
-0.4561328
0.6998062
0.4496743
0.7015853
-0.2384201
-0.7383027
0.3620612
-0.05177963
-0.101137
-0.7969778
0.9983506
-0.6306243
0.02974355
-0.6723421
-0.0684334
-0.2738799
-0.4460572
-0.9919229
-0.1787037
-0.6474097
0.9945827
0.5490055
-0.242988
-0.5418329
0.9348667
0.8301468
0.3418519
-0.760783
-0.6713569
-0.4661411
-0.0756923
-0.9509676
-0.7884362
0.2765889
0.9497321
0.002819657
-0.6257524
-0.6002228
-0.3870221
0.3397009
-0.3336271
0.382921
-0.6331334
0.1278454
-0.402176
0.2376126
0.9674077
-0.3124138
0.6804769
-0.8039241
0.1138552
0.5645468
-0.4253079
-0.1213311
0.8799045
0.05966079
0.01603949
-0.7097385
-0.2982382
-0.2558225
-0.5380735
0.003768563
0.07754195
0.4240093
-0.3901941
0.3429336
-0.02358854
-0.435155
0.6914847
-0.2104856
-0.01519835
0.8121512
0.4074576
0.8311913
0.63817
0.5135152
-0.7911
-0.5092034
0.09127891
-0.3125383
0.7916751
0.5578337
-0.9358149
0.4961099
-0.5745544
0.1825076
-0.5072982
-0.5922084
0.1623145
0.07587636
-0.9689078
-0.05970609
-0.5315988
-0.2359241
0.4177954
-0.8204005
-0.1240572
-0.6163039
0.4574995
0.4018514
-0.8985789
0.2703697
0.331098
-0.8261945
-0.08738768
0.3981507
-0.7229621
-0.1434406
0.2057387
-0.8563092
0.3466041
-0.5431976
-0.3422707
0.9059143
0.8035536
-0.7947583
0.792846
-0.6233158
-0.02046144
0.6794393
0.2990241
-0.388631
-0.4276098
0.1328307
-0.03373039
-0.2414056
-0.8077035
0.8731453
0.3175351
0.5619719
-0.6800511
-0.8108933
-0.720144
0.2281884
-0.008684993
0.8158545
-0.7994184
0.1602944
-0.5044155
0.8262157
-0.9106493
0.9328277
-0.1344973
0.4180937
-0.09843528
0.3510318
0.08067167
0.9061947
0.7043803
0.06992924
-0.6871188
0.4656818
0.2346426
-0.6926353
-0.1110207
-0.9943585
-0.3494951
-0.7322876
-0.4914392
-0.2614204
0.7285175
-0.09984481
-0.9942183
0.5161865
-0.7508721
-0.1008815
-0.6335535
-0.8850856
0.1654364
-0.1213876
-0.7555313
0.4011991
-0.9713082
0.02170503
0.2897634
0.5108807
0.2654957
-0.9100711
0.5637081
0.1478595
0.2755694
0.8339837
0.05332863
0.0983988
-0.6039233
-0.8843753
0.5064526
0.9975193
0.1006793
0.5319395
-0.456478
-0.3356882
-0.2798783
0.7405443
-0.8153648
-0.6112254
0.8471482
-0.248624
-0.5957501
-0.4015099
0.04459417
0.3993215
0.0373944
-0.426237
-0.6643772
0.4378092
0.9424467
0.004765391
0.8620374
0.4966094
-0.216031
-0.3778971
0.6053884
-0.820698
0.4139657
0.8164401
-0.8270483
-0.01905525
0.6840296
-0.5693521
-0.8256767
0.001804471
-0.7951729
0.8531663
-0.2024988
-0.9510884
-0.08635485
-0.1736361
0.4546997
0.02062976
