7
8
8
4
0.4474473
-0.2245411
-0.6497509
0.2525577
0.09734261
0.8068714
0.02643907
0.5957239
-0.1509827
0.9414957
0.1517597
0.4918263
0.6727395
0.8405786
0.9578881
0.5742788
0.2164756
0.8860433
-0.901535
0.1585728
-0.9359524
0.2534029
-0.6697845
0.2507343
0.7567422
0.7642739
-0.2201775
-0.8214293
-0.6964324
0.2529173
-0.6965144
0.7219808
-0.2945176
0.1595293
-0.02010739
-0.4285151
-0.6677394
-0.5286939
-0.1813537
-0.326743
0.09970415
0.1341859
0.02733338
-0.8789072
0.625097
-0.4149655
-0.06195629
0.6459193
-0.6725852
0.8763947
0.1031674
0.1472365
0.04792416
-0.6376574
0.9971941
-0.7891505
0.6236105
0.5160601
-0.1861919
-0.3232862
-0.0414058
0.8046534
0.5428548
0.5495226
-0.2797261
-0.6892855
0.7143147
0.4175324
-0.4328812
-0.04271591
0.3892448
-0.3701733
0.8893638
0.1276578
0.3265238
0.9978056
-0.8005488
-0.3883914
0.7168562
0.73528
0.09232962
0.09525359
-0.5425086
0.6228292
0.6339831
-0.868525
0.7574604
0.5425217
-0.6564224
0.8286707
0.8098147
0.5687413
0.6003511
-0.493569
0.8086958
0.6342647
-0.1210757
0.563436
-0.3337685
-0.8018878
-0.2636801
-0.6040552
-0.9089496
0.5982566
-0.4218441
-0.1317416
0.3905158
-0.2858678
0.1137832
-0.5682747
-0.03977311
-0.5699394
-0.6049793
-0.3048407
-0.5107703
0.7038906
0.02645075
-0.9546788
0.4910624
0.5201724
-0.2734767
0.9682298
0.6993973
-0.8218911
-0.9977701
0.1061779
0.6701305
0.7096369
0.1796163
-0.9721546
-0.3835601
0.8349252
0.3830068
-0.05055225
0.2129425
0.002012372
0.12
0.3688624
-0.3241404
-0.3898777
0.2854082
0.9357603
0.9130082
0.1937524
-0.005562663
-0.7620008
-0.5839796
-0.9548354
0.7135227
-0.6144645
-0.2838084
0.3350389
0.6709192
0.2507171
0.6477132
0.231882
-0.6909332
-0.7548301
0.6298294
-0.3349386
0.762769
0.1830994
0.5826356
-0.4814831
0.4319966
-0.9274385
-0.0812639
-0.191662
-0.3177949
0.2817094
0.4980046
0.1873535
-0.5135171
0.8554568
0.8698649
-0.1162368
