17
14
14
3
0.8760424
0.7175345
-0.5841882
0.5696971
0.4724996
0.1823496
-0.7636282
-0.2326006
-0.9649675
-0.659128
0.9470699
0.6778986
0.3724434
-0.1787821
-0.9778194
-0.5237093
-0.01351297
-0.03925002
-0.4016763
-0.4184345
0.5455673
0.2679088
0.5243232
0.9819918
-0.6736367
-0.525424
0.3577547
0.470627
-0.7317166
0.6785016
0.3698783
0.4064798
0.5106609
0.01104033
0.8731389
0.1671051
0.1696218
0.9651279
-0.5990424
-0.1393584
-0.2959524
-0.7427616
-0.6308501
-0.5148933
-0.4631549
0.8481348
-0.9698174
0.8483472
-0.8890114
0.6473746
0.7671902
0.4765498
-0.7035029
0.707792
0.2988124
-0.8779058
-0.3271044
-0.6833856
0.1978811
-0.4655012
-0.01004064
0.3383467
-0.2114393
0.2410377
-0.3384897
-0.8558471
-0.03379452
0.06991518
0.3557446
-0.4654964
0.5245633
-0.4603585
-0.8694682
0.3360707
-0.5805373
0.3985312
-0.5122821
-0.8233931
0.6210749
-0.02461374
0.931994
0.2137483
0.3521714
0.6544008
-0.733881
-0.4765886
-0.7268298
-0.04370558
-0.7870364
0.5462654
-0.9904699
0.4331217
0.5131545
0.223147
0.9752543
0.6999393
-0.6245761
-0.1724235
0.8761735
0.07495964
0.760047
-0.2224611
0.7101231
-0.3328248
-0.4798921
0.7622139
0.08420599
0.01834142
-0.1341618
0.7135417
-0.6315143
-0.9333725
-0.5321033
-0.4832765
0.2726211
0.7772617
-0.574208
-0.8837712
-0.9237001
-0.2745572
-0.1382409
0.8952739
-0.0965625
-0.7295048
-0.3177105
0.614599
-0.4924051
0.9900675
-0.5988643
-0.2069734
-0.9245915
0.1640383
0.9184504
0.5873778
-0.5084462
-0.7406542
0.7270401
-0.7008829
-0.5810025
-0.7905126
0.8085756
-0.8967152
0.2973642
-0.9610741
0.697706
0.06258929
-0.2955447
0.2530782
-0.8093371
-0.2359797
-0.540539
0.5590973
0.564311
-0.01230228
0.584003
0.4736762
0.1742288
-0.3221818
-0.2308992
0.1348261
-0.4104902
0.5040238
-0.1146189
-0.9705915
0.9139092
-0.6300611
0.2943988
0.9400499
-0.1489562
-0.4888302
-0.2882999
0.6862044
0.3601131
0.8861837
0.7029426
0.8034048
-0.7167518
-0.9112141
0.6914976
0.9022412
0.02303874
-0.2477378
-0.9321342
-0.8017471
-0.2086903
0.7673984
0.9297454
0.0893563
-0.2560729
0.8750157
-0.1705872
0.02870953
-0.3761698
0.02386272
-0.8869293
-0.9950502
-0.8330221
0.05759037
-0.1251618
0.2378873
0.01629102
-0.8822241
-0.5233421
-0.8426781
-0.7274799
0.781502
0.9168532
0.2023188
0.5560501
-0.9802251
0.5252602
0.1206237
-0.7464743
0.9291129
-0.2946466
0.8676698
0.7776005
0.3420789
0.986829
-0.6703622
-0.03447235
-0.8690817
-0.8574243
0.8626237
-0.9937732
0.08087361
0.5535116
-0.1943997
0.4076843
0.9531314
0.5137148
-0.05693519
0.09231985
0.7001405
-0.6297534
0.4234757
0.004041791
-0.474377
0.3976316
-0.9244328
-0.2676679
-0.5547061
-0.0162369
-0.4549628
0.6351757
0.8818648
0.629215
0.9049194
0.6526201
-0.3881084
0.2373842
-0.3831073
0.02552068
0.3001229
-0.8989267
-0.7756774
0.278579
-0.614121
-0.9214759
-0.1491839
0.7087209
0.9108121
-0.2922276
-0.8117805
-0.3692242
0.7637553
0.4795646
-0.0909096
-0.4460458
-0.890017
0.6394114
-0.07237136
0.8574829
0.03957379
-0.8282578
0.865978
0.243306
0.970278
-0.05100596
0.7594287
-0.3859128
0.05155432
-0.6127279
0.9725833
0.9886873
-0.6147544
-0.8238785
-0.9600885
0.7734795
-0.5000505
-0.101128
-0.0993551
-0.9535425
-0.8792591
-0.2535554
-0.4323484
0.3769095
4.172325E-06
-0.4511091
0.5506918
0.7844262
-0.2422527
-0.8462517
0.6025105
0.3590758
0.6898212
0.5912495
-0.4823226
-0.7005885
-0.5666831
-0.5942175
0.7269418
0.1404251
-0.3795949
0.6340718
0.7306645
-0.9125082
-0.5734794
-0.7120776
-0.01612818
-0.6482799
-0.7224581
0.9207141
0.8841133
-0.3220342
0.1459004
-0.5241649
-0.3561794
0.9467747
0.5769737
-0.1476861
-0.2843436
-0.06863844
-0.6911025
-0.2456321
0.08187258
-0.2777025
-0.8793476
-0.6511192
-0.8153987
0.05041587
-0.1555053
0.5377753
0.9389596
0.6721554
-0.05898178
-0.4814001
0.8193848
0.2006699
0.3426356
-0.5681047
0.1178411
0.6282055
-0.7275305
-0.915518
-0.7015383
0.6109807
0.8275001
0.9968078
0.9206626
-0.8695083
0.2438198
-0.2089854
-0.6675053
-0.4046305
-0.3785499
0.4129681
-0.2497398
0.03880346
-0.7338045
0.833909
0.9215252
-0.1292063
0.1350683
-0.1029912
0.06279743
-0.1262769
-0.8608439
-0.8651669
-0.4099635
0.1326705
-0.2304679
0.08532894
0.3625333
0.9786589
-0.05282009
0.8277462
0.2042414
-0.7378001
0.9599462
0.6592457
-0.4607564
0.200648
0.920531
0.2399596
-0.3777865
-0.4715089
0.9638355
-0.7232311
0.04387391
-0.871804
0.1916693
-0.6646755
0.4409022
-0.9656014
-0.7499604
-0.1197733
0.5993159
0.6432385
-0.6352558
-0.8466294
0.4439478
-0.4719175
0.9979138
0.2720971
-0.7628465
0.3696003
0.2072228
-0.6345224
-0.6546354
0.01093519
0.1697851
0.4331922
0.1186341
0.2134122
-0.6145759
-0.581898
0.8960807
0.3260932
0.6141632
0.7892053
-0.6129744
0.05450714
-0.3694867
-0.01890504
-0.5665977
-0.4485835
0.5702505
-0.1253482
0.3512473
0.4685607
-0.6999841
0.03159273
-0.589103
-0.3652076
0.9910264
0.4270808
0.240122
-0.0633527
0.0157181
-0.005265117
-0.4004387
0.2158405
-0.4792374
0.1882449
0.004802346
0.5118995
0.2603819
-0.8631704
0.2197727
0.7467997
-0.03217494
0.8217671
0.8950138
0.5993423
0.7871137
0.9399004
-0.3836979
-0.3737382
0.2507605
-0.7390921
0.3909645
0.06644022
0.6339414
-0.1152786
-0.1435689
0.3957112
-0.9980979
0.9143255
-0.9215617
0.07284153
0.8659537
0.3132102
0.03563321
-0.3724023
-0.6015043
-0.6098976
0.006188512
-0.8759754
-0.7706974
0.814348
-0.3963374
0.9065309
0.649574
0.8834343
-0.8737266
-0.7735958
-0.02248037
-0.3792151
0.5111756
-0.6117079
-0.4466664
-0.1014241
0.927237
-0.412094
0.9768467
0.2808029
-0.7456515
-0.5814209
0.01190817
-0.3856391
0.7497048
-0.3741018
0.6027262
0.2097605
-0.7041414
-0.1000153
-0.7632108
