7
16
16
4
0.3131339
0.8520153
0.1688141
-0.02544725
-0.4891864
-0.03985465
0.09304726
-0.5591879
0.04912889
-0.3292223
0.2738218
0.7983744
-0.7891893
-0.492869
-0.2184097
0.8557887
-0.8529453
-0.2236556
-0.61237
0.3313756
-0.65817
0.1097361
0.6489239
0.2663214
-0.07145131
-0.05999982
0.6807525
0.698386
0.8497379
-0.3202881
-0.1611716
-0.7517998
-0.5135171
-0.9312725
0.767617
-0.343455
-0.9547222
-0.776397
-0.7403746
-0.8875339
0.9980545
0.07914722
0.7592134
-0.2811161
0.4723401
-0.07533753
0.9654796
-0.67907
0.9570527
0.09615076
-0.2460006
0.5883977
-0.81408
-0.4977654
0.9402304
-0.7724202
0.49631
-0.3249799
0.2297705
-0.2265645
-0.3234667
0.4945798
-0.2622236
0.183803
0.2369741
-0.9114575
0.4267547
0.4323644
0.9393308
0.8490064
-0.3747023
-0.9617295
-0.7751579
0.143983
-0.4498941
-0.6833775
-0.8094683
0.5497539
0.4739215
0.5861781
-0.4157242
-0.6791098
-0.4622644
-0.5242293
0.7791803
-0.8000581
-0.3673836
0.3345642
-0.4213794
0.2129635
-0.3331965
-0.1226476
-0.2406162
-0.1585644
-0.9440393
0.3466222
-0.01770818
0.9602027
0.283514
0.1642855
-0.5348597
0.9509575
-0.4071146
0.7642775
-0.3410975
-0.5930114
0.9691534
-0.8051472
0.8408048
0.9577551
0.1508874
0.3731909
-0.3799604
0.762917
-0.3708459
0.3473985
-0.5954785
-0.9471865
-0.8484237
0.5694888
-0.8398197
0.7726316
0.9327965
-0.6430709
0.03739846
-0.9280913
-0.7881534
-0.7285624
-0.1544365
0.09198248
-0.1725324
0.6215937
0.9697354
0.2900197
-0.09570658
0.3402836
-0.9977701
-0.2073222
0.08590782
0.6251881
0.2927568
-0.5056903
-0.4605774
-0.699573
-0.6271727
-0.02010739
-0.01717556
0.07289231
0.3667895
0.1890508
0.4971282
-0.006705403
-0.2229935
-0.1914989
-0.4986399
-0.5583673
0.17124
-0.5188179
0.4943943
-0.4305903
-0.2973744
0.2081677
0.3441946
-0.8654389
0.01163852
-0.9223361
-0.977119
0.3216951
0.4761939
0.925384
0.2886476
-0.009956956
-0.7064743
-0.006221652
0.2152344
-0.4435362
-0.5840709
-0.5710664
-0.329549
0.1852306
-0.2437435
-0.01658165
-0.0134269
-0.8958538
-0.4576839
-0.1440166
0.5937526
-0.02901638
0.2788305
-0.3493263
0.5346446
-0.2201346
-0.9932003
-0.6580091
0.7885766
-0.3925163
-0.4302853
0.2325925
0.4085025
0.662334
0.1529506
0.3558604
-0.9304991
0.2531259
0.3258624
0.8538895
0.989819
0.6259634
-0.06340182
0.970015
-0.1921922
-0.4538635
-0.6352825
0.8548565
0.04371011
-0.4691206
0.6643767
-0.3188273
-0.3918439
-0.5456285
-0.8208568
0.6635942
-0.03497756
-0.5256543
0.562005
-0.4347137
0.3083453
0.03685892
0.07455933
0.6199203
0.1536125
-0.6408138
0.04458153
0.1343585
0.5580873
-0.3989617
-0.071962
-0.3787481
0.1073328
-0.1872796
0.9175682
-0.913758
-0.1229495
0.3335426
-0.6167245
-0.8719957
0.2299699
-0.2877198
0.4440984
-0.05822837
-0.2235538
0.7939138
-0.5312357
0.05472958
-0.7559288
0.1024474
-0.4963769
0.9025805
-0.3862289
-0.3584684
-0.9509523
0.3185539
0.1725379
-0.5577142
0.5157936
0.5940082
0.8311346
0.5107179
-0.6422443
0.5286782
-0.03593361
0.1724683
0.7818305
0.9420974
-0.14703
-0.4788796
0.6162372
0.8405786
0.7910793
0.7297351
-0.9480886
0.8379893
0.9509354
-0.1950458
0.1269056
-0.6918941
0.2093738
-0.9234033
-0.619765
0.0008991957
-0.04761851
-0.0888561
-0.1461037
-0.2654439
0.3863964
-0.6717672
-0.1100785
0.8721306
0.538615
0.5937328
-0.7717953
-0.9537244
-0.1247655
0.3242027
0.5659831
0.4785807
0.5372524
0.4645228
-0.280423
-0.9123709
0.8954225
-0.3463124
-0.3379964
-0.2209703
0.06482017
-0.5491734
-0.1722547
0.6192446
0.9374411
0.6661355
-0.9338706
-0.926152
0.1349632
0.119625
-0.8972621
-0.9073739
0.1201559
-0.3683113
-0.3046502
-0.5280163
-0.003120303
0.08218038
0.6675692
-0.7662761
-0.2005919
0.300179
0.8181837
-0.5507379
0.9465415
-0.3131622
-0.8851395
0.6684833
0.8149574
-0.593488
0.6399717
0.1233705
0.7017114
-0.2721444
-0.8186698
0.30392
-0.5751126
-0.1065511
0.3628912
-0.4412073
-0.3570143
0.765975
-0.7440794
0.2456783
-0.7813742
0.6166627
-0.07740867
0.1455907
0.7094181
-0.1819564
0.6790626
-0.5201848
0.9151709
-0.2637202
0.1380135
-0.1787065
-0.7869377
-0.4526232
-0.5620277
-0.4182831
0.6428773
-0.6164806
-0.2021598
-0.2631451
-0.102888
0.6062839
-0.7285326
-0.8179595
-0.1302596
-0.6634774
0.06422055
-0.1266459
0.4488303
-0.5145175
-0.4100529
-0.928061
0.3471873
0.1905917
0.5673141
-0.9980731
0.4759278
0.9789257
-0.7290463
0.4230609
0.5647614
-0.9739678
0.8005772
0.02067125
-0.1663786
0.8508549
-0.9295182
-0.7521701
0.2986717
0.5004435
-0.002357364
-0.4822899
0.4527073
-0.8265209
-0.2116591
-0.9452226
0.9360745
-0.3063241
0.5583582
0.2827079
0.4692394
-0.831943
-0.8019166
0.3540764
0.08866441
0.2981994
-0.156849
0.3403425
0.1565574
-0.6419756
-0.3552185
0.1654581
-0.8585279
-0.3270417
-0.5227058
-0.485777
-0.5094407
-0.8061533
-0.6652074
-0.02774727
0.153632
-0.2392396
-0.1162018
0.5344703
-0.8587615
-0.6736104
-0.3291079
-0.1084689
0.7711809
-0.06343806
-0.2489153
0.5785019
0.1986288
-0.6161101
-0.7604842
0.7557058
-0.2663366
0.5081031
-0.4372367
-0.3648034
-0.2119867
-0.05229628
-0.5244946
0.2607894
0.4019975
-0.5193386
0.32426
0.7077115
-0.3760632
-0.8958802
0.5569136
0.9297049
0.5679245
0.3370714
0.6611898
-0.6081176
-0.174951
-0.4645385
-0.02495992
0.1232954
0.2426747
0.3187284
