7
8
8
4
0.7796781
0.3210263
0.8607233
-0.6676292
-0.4599942
0.5804162
-0.7789814
-0.6301205
0.6073039
-0.4124366
0.03110158
-0.6487091
-0.3874539
-0.5382442
0.2282335
0.3629541
-0.6987407
0.6976745
0.7026031
0.4240327
-0.8468461
-0.763443
-0.9914031
0.1511139
-0.1899344
-0.961777
0.5101526
0.4712045
-0.2489153
0.3643467
-0.01641262
0.5214152
0.5685143
0.1595293
0.330826
-0.4307564
0.4857633
0.2858171
0.01408851
-0.6177466
0.7000737
0.1053964
0.2503147
-0.06800616
0.3928849
-0.419345
0.5245624
0.916235
0.3865139
0.3754811
0.5278358
0.3154177
0.1675769
0.7763748
0.9166551
-0.4611365
0.4644901
-0.9919705
0.7171733
-0.7833579
-0.4271244
0.05445564
0.5729601
-0.8231747
0.7870479
0.6778879
0.9519711
0.9188492
-0.4130815
0.8927519
0.2948439
-0.4073759
-0.4566869
-0.1588804
-0.02069819
0.4136502
-0.9322026
0.5490375
-0.2055267
-0.8563323
-0.5781393
-0.4007427
0.3152048
-0.3332897
-0.3046056
-0.6789553
0.9684198
0.2001356
-0.3214632
-0.9675035
-0.4519135
0.01124775
-0.8688307
-0.2474598
0.1852306
0.1604427
0.5730734
0.3636827
0.4844594
-0.1024369
-0.01575387
-0.4857599
-0.4089843
-0.2628356
-0.9537244
-0.6482759
-0.8824973
-0.1784555
-0.6147759
0.2862742
-0.6698408
-0.00964582
0.7485192
-0.3314332
-0.3304156
-0.7502971
-0.8818743
-0.4185427
0.4571905
-0.599297
-0.2342495
-0.6647303
0.532294
-0.439329
-0.5991712
-0.9619884
-0.2721025
0.8115318
0.7682853
-0.8064313
-0.06343806
-0.838387
0.2461811
0.6835916
0.5708127
0.2836425
-0.7471936
-0.439664
0.506309
0.1038603
0.3479159
0.2390982
0.8050137
-0.2609464
-0.711612
0.9871287
0.07068646
-0.459627
-0.6207895
-0.2825779
-0.07964385
0.87974
0.6118925
0.7418542
-0.3223644
0.009324908
-0.6756909
0.7017114
-0.9950712
0.5569136
-0.8596087
0.6193235
-0.8811412
-0.9219456
0.1196848
-0.8453648
0.866153
0.277101
0.4622569
0.05682743
-0.9920471
-0.6107912
-0.05169737
-0.1767095
-0.0826906
0.6608889
