7
8
8
4
0.1622254
0.1259967
-0.573823
0.6547377
-0.5176446
0.61888
-0.9112287
0.6827214
-0.9113977
0.196416
-0.5419295
-0.7225399
0.8962789
-0.9576328
0.521919
0.06195509
-0.5762455
-0.6367655
0.1128591
-0.8344378
-0.7337079
-0.4882442
0.6590996
0.1029955
-0.657567
-0.2228082
0.9131265
0.8662722
0.0634557
0.3118808
-0.670166
0.2378446
0.4179609
-0.1379932
-0.0744611
0.4910497
0.05404294
0.4168162
-0.4146446
0.08866441
0.09970415
-0.03665197
0.1292053
0.3117149
0.2468189
-0.3331374
-0.4193758
0.1678447
0.2791857
-0.004500031
0.1031674
0.7808559
-0.5526278
0.7838166
0.304111
0.9363768
0.4341831
0.2954526
-0.1846496
-0.1804689
0.4881432
-0.6877289
-0.3526345
-0.5302784
-0.2797261
-0.1582903
-0.8227615
-0.6057656
0.2975514
-0.7702875
-0.8080137
0.7736535
-0.7036455
0.4018957
-0.2144653
0.02308691
-0.5562534
0.6390042
-0.1462809
-0.9304883
0.9172862
0.2803874
0.03050911
-0.1394457
0.9759727
-0.7553051
-0.1126016
-0.3988036
0.4103014
0.904356
-0.1053392
-0.4269625
-0.4739741
0.6389153
-0.8059421
0.6244771
-0.1305653
-0.3399347
0.4121878
-0.3747023
0.1785971
-0.8937242
0.9078131
0.6840792
0.2554376
-0.345203
0.3905158
-0.2858678
0.5269589
0.6456594
-0.2339407
0.3455863
0.5448008
0.1584998
-0.3128008
-0.01313293
-0.0286833
0.8767729
0.4910624
0.2258629
0.769959
-0.6647303
-0.9403982
0.6521361
0.2877066
-0.697279
0.9683516
0.1389509
0.7588868
-0.3844889
-0.117638
-0.06893647
0.0810498
-0.6597729
0.9562542
0.3498821
-0.6066172
-0.4068264
0.2808394
0.2682438
-0.369213
0.3690002
0.2478942
-0.7115483
-0.8651347
0.03923452
0.1902803
-0.7107177
-0.05961168
-0.9790411
0.6741335
0.2361528
-0.5563657
-0.03942645
0.6148911
0.0325278
0.6849964
0.6549621
-0.2575976
-0.5181477
0.03266561
0.5125053
0.375128
0.7567241
-0.7261055
-0.5991194
-0.0812639
0.4025924
0.9144607
-0.5094581
0.3767886
-0.03937852
0.6025543
0.3772237
-0.1828822
0.3451671
