7
8
8
4
0.5943847
0.3210263
-0.7877779
-0.7982216
-0.002961755
0.4728398
0.7406082
-0.2087702
-0.5242016
0.196416
-0.3683316
-0.8470597
-0.4454473
-0.9382677
0.9578881
0.2943926
0.008788228
-0.94941
-0.901535
0.4549615
0.5036604
-0.4882442
0.500536
-0.1725334
0.3488137
0.4212339
0.3232774
-0.2505218
0.0634557
0.6789899
-0.7259765
-0.6357241
0.6711085
-0.1379932
-0.02010739
0.9004345
0.04815304
0.06956398
-0.3719488
0.461061
0.09970415
0.1341859
0.02733338
-0.8789072
-0.720485
-0.4149655
-0.375743
0.9249411
0.4885556
-0.172479
0.1031674
0.7808559
0.5268331
-0.9765573
0.1646763
0.04127395
-0.7369921
0.9119971
-0.2091185
-0.1804689
0.04512084
0.7643056
0.5428548
0.09470618
0.7576578
0.04710305
0.7143147
-0.06800354
-0.7277417
0.3132379
-0.2077061
0.07201922
-0.9442687
-0.2906858
0.3265238
-0.5233295
-0.4508077
-0.3883914
0.8268743
0.1282345
-0.0408808
0.09525359
0.4542954
0.04901326
0.5000603
-0.868525
-0.733459
-0.5879209
0.2441639
0.557668
0.2942936
0.6009655
0.6217959
-0.493569
-0.02451098
0.6342647
0.02604449
0.3681991
0.8916914
-0.07240069
-0.5488784
-0.2719766
-0.4089843
0.205938
0.5389459
-0.1317416
0.8414426
-0.6488099
0.1137832
0.2862742
-0.9837642
-0.9735723
0.1216875
-0.3563446
-0.1593131
0.7038906
-0.9329457
-0.2506031
-0.005524516
0.1032695
-0.2734767
-0.9907076
0.53089
-0.8218911
-0.3473109
0.3865018
-0.2557551
0.0688256
0.7588868
-0.1773306
0.8282213
-0.7402544
0.9662402
-0.6597729
0.7354069
-0.5401793
-0.3201269
-0.4508494
0.2808394
-0.3898777
-0.4651598
-0.2884995
-0.586381
0.1937524
-0.8092921
0.7873595
-0.1717733
0.790658
0.09404027
-0.6144645
0.429676
-0.6555853
0.6900182
0.3064742
0.6477132
0.8993423
-0.07691681
-0.5716314
0.8726225
-0.1426913
0.7092531
-0.459047
0.7529659
0.8073761
0.8439121
0.5118296
-0.7488732
-0.3066427
0.9144607
-0.7185781
0.3844344
0.02444255
-0.4072438
0.253308
0.4494846
-0.006603599
