7
8
8
4
0.7796781
0.3210263
0.09852469
-0.1454915
-0.825784
0.5804162
-0.7789814
-0.6301205
0.6073039
-0.4124366
0.3281219
0.4271939
-0.3874539
-0.5382442
0.2282335
0.3629541
-0.6987407
0.6976745
0.7026031
0.4240327
-0.8468461
-0.001824498
-0.9914031
0.1511139
-0.1899344
-0.961777
0.5101526
0.4712045
-0.2489153
0.3643467
-0.3780571
0.5214152
0.5685143
0.1595293
-0.7574177
-0.4307564
0.4857633
0.2858171
0.01408851
-0.6177466
0.7000737
0.1053964
0.6494656
-0.06800616
0.3928849
-0.419345
0.5245624
0.3522756
0.3865139
0.3754811
0.5278358
0.3154177
0.1675769
0.7763748
0.9166551
-0.4611365
0.4644901
-0.1643666
0.7171733
-0.7833579
-0.4271244
0.05445564
-0.004141212
-0.8231747
0.7870479
0.6778879
0.9519711
0.9188492
-0.4130815
0.8927519
0.4479217
0.4124152
-0.4566869
-0.1588804
0.8361449
0.4136502
-0.9322026
0.5490375
-0.2055267
0.4714639
-0.5781393
-0.4007427
0.3152048
0.6160376
-0.3046056
0.1875192
0.9684198
0.2001356
-0.7644572
-0.9675035
-0.4519135
0.01124775
-0.8688307
-0.2474598
0.1852306
0.1604427
0.02604449
0.3636827
0.4844594
-0.1263789
-0.01575387
-0.4857599
-0.4089843
0.6498063
-0.9537244
-0.6482759
-0.8824973
-0.8232689
-0.6147759
0.2862742
-0.6698408
-0.00964582
0.7485192
-0.3314332
-0.3304156
-0.7502971
-0.8818743
0.5444651
0.4571905
-0.599297
-0.2342495
-0.6201415
0.532294
-0.439329
-0.5991712
-0.9619884
-0.2721025
0.8115318
0.7682853
-0.8064313
0.5199864
-0.838387
0.2461811
0.6835916
0.5708127
0.2836425
-0.7471936
-0.439664
0.8251252
0.1038603
-0.3643461
0.2390982
0.8050137
-0.2609464
-0.369469
0.9871287
-0.1388408
0.817445
-0.6207895
-0.2825779
-0.07964385
0.87974
0.6118925
0.7418542
-0.3223644
0.009324908
-0.6756909
0.7017114
-0.9950712
-0.3441392
-0.8596087
0.6193235
-0.8811412
-0.9219456
0.1196848
-0.8453648
0.866153
0.277101
0.4622569
0.05682743
-0.9920471
-0.6107912
-0.05169737
-0.6434844
0.9198239
0.6608889
