7
8
8
4
-0.9250724
0.8822467
-0.3079628
-0.9130142
-0.6106901
-0.4592825
0.6420648
0.03135383
0.1162893
-0.5789864
-0.3469533
-0.07784951
-0.6094666
-0.991385
0.09118164
0.04335368
-0.1631104
-0.1958166
0.1311127
0.4735965
-0.6879215
-0.4479584
0.8795509
-0.4573103
-0.04744565
-0.02883041
-0.4208015
-0.6054211
0.5000088
-0.7503653
-0.5590088
0.5681968
0.6128099
-0.9420161
0.4371412
0.8739994
0.1099404
0.2028018
0.7554021
0.5262783
0.2395867
0.3259413
-0.1494557
-0.3197893
0.5730233
0.04976833
0.03870499
0.1475009
-0.3194348
-0.124667
-0.8998804
-0.190349
-0.094257
-0.3489932
0.3940887
-0.9463551
-0.4700245
0.3600087
0.2786286
-0.9643817
-0.5862846
-0.5100305
0.8424895
0.7325845
0.8593547
0.8335478
0.8509305
-0.6961432
-0.09412324
0.4069071
0.9796486
-0.8163903
-0.8612366
0.5783591
0.1680275
-0.3572072
-0.7812748
0.7004092
0.5008171
-0.8558345
-0.251525
-0.5453908
0.2978522
0.6177344
0.06328762
0.2462074
0.8861976
0.8278201
0.5804467
0.9935317
-0.3051764
0.3299033
0.9432945
0.2815835
0.03239954
0.0658437
0.0306617
-0.1871885
-0.9016659
0.247166
-0.241583
-0.6836438
-0.4959933
-0.9902489
-0.7666981
-0.977138
0.18496
0.4250476
-0.5633698
0.3089962
0.2323345
0.9567962
-0.168161
-0.04772413
0.9944043
-0.2479147
0.02883232
-0.1338691
0.5517747
-0.6672237
0.7696366
-0.3971699
-0.2776481
-0.04525506
0.155208
-0.7980037
0.5815289
-0.8851173
-0.5384026
0.02569735
0.7877467
-0.3437318
-0.6175697
-0.69982
-0.1598207
-1.561642E-05
0.4865486
0.6128197
0.6711085
-0.0242666
0.6965876
0.3671755
-0.8187914
0.06956398
-0.8557997
0.59694
-0.7229264
-0.07517803
0.193478
0.4772772
-0.5866663
-0.7195916
0.37748
0.4071445
0.9544461
0.1657676
-0.7478821
0.5631227
-0.2395731
-0.2745804
-0.3169006
0.2019788
-0.5233405
0.6747913
-0.2843343
-0.4482011
0.2362977
-0.2934638
-0.686048
0.01307499
-0.1563891
0.5255167
0.6686823
-0.6980059
0.8046217
0.6486602
