7
8
4
4
-0.1138672
0.4272828
-0.2232074
-0.192037
0.5493901
0.8348229
0.9013517
0.3143675
-0.283769
0.4782524
0.336864
-0.7349608
-0.2208682
0.09434354
0.195269
-0.9660211
0.5839076
-0.5496416
-0.9761293
-0.9336832
-0.8483295
0.8169081
0.3045211
-0.6430521
-0.4353174
-0.2844998
0.4055202
0
0
-0.5498662
0.8816581
-0.5180926
0.3645818
0.6162777
-0.2256871
-0.06893647
0.7047994
0
0.1819767
0.07241595
0.900666
0.8636174
-0.7835598
0.09025514
0
0.2532293
-0.7996616
-0.6667545
0
0.4233255
0.3540113
0
-0.7269282
-0.4218441
-0.1260344
-0.7857437
-0.8094797
-0.5219402
0.7567241
-0.8384647
0.7303708
-0.3048407
0
0
0.4251382
0
0.6123133
0.3361115
1
-0.9047573
-0.9377441
-0.3777612
0
-0.426176
-0.9793148
-0.5264075
-0.3774103
-0.356382
1
-0.7780499
-0.707695
0.1942176
0
0.30674
0.3119871
-0.2426838
-0.3617798
0.6535804
0.5224903
-0.3606714
-0.6330967
-0.6174481
-0.1821457
0.4644901
0.9865134
0.04690373
-0.2774488
0
-0.4096857
-0.6373992
-0.7182109
0.819963
0.6191297
0
-0.8096194
0
0
0
0
-0.8593733
0
0.323157
-0.157245
-0.6159713
1
0
0.2827177
0.9695873
0
-0.07323706
