8
6
4
3
0.08704531
0.7544281
0.6847978
0.6987419
-0.4835366
0.5505033
-0.04441488
-0.3521701
0.5055728
0.455502
0.182108
0.2626254
-0.0005651712
-0.3736867
0.5785398
-0.6265612
0.5133765
-0.6145539
0.7737925
0.03161371
-0.4053952
-0.4160029
0.7271059
0.1201073
-0.5507271
0.7542901
0.8194971
0.1306525
0.08898604
0.7948418
-0.1174618
-0.9198124
0.4216032
0.4711775
0.4794511
-0.4622756
0.5970569
-0.8317728
0.4334454
0.439645
0.9742649
-0.7085738
0.3203733
-0.4626073
0.7272737
-0.5803285
0.5268502
0.2650957
0.100123
0.198088
-0.4856914
0.6327372
-0.002105594
-0.5489013
0.06357491
-0.3641115
-0.7416861
0.9069366
-0.1121455
-0.540539
0.8607397
-0.6247962
-0.604955
-0.2325033
0.8870051
0.1128701
-0.9900103
-0.847976
-0.3252579
0.3737771
-0.06401002
0.8961394
-0.5686297
-0.7949588
-0.3170604
-0.6884658
-0.4304837
-0.6360137
0.4605689
0.8738487
-0.4051369
-0.2157973
-0.6625731
-0.4397246
0.6042714
0.6305215
0.7908483
0.3119571
0.5043831
0.03919041
0.8065357
-0.5292766
0.8322859
-0.9217081
0.7896631
0.6610467
-0.7664163
-0.2177962
-0.4768878
-0.9195912
