7
8
8
4
-0.8308792
0.4339499
-0.008513331
-0.5180788
0.9738004
-0.6069577
-0.4839481
0.2548332
-0.7374833
0.04507887
0.61888
0.210194
-0.6554394
-0.408089
0.6027701
0.5394123
-0.1854919
0.04322779
0.3296034
-0.304016
-0.2106048
-0.1948065
0.4213617
0.3761849
0.8524978
-0.5538893
0.5207558
-0.1422194
-0.0001429319
0.7208626
-0.1055824
0.5025821
-0.8829017
-0.00127399
-0.03511703
0.8741112
-0.2948426
0.7307725
-0.5641525
-0.5115049
0.4469151
-0.09678447
-0.3509816
0.1988162
0.5164955
-0.1607844
-0.6304023
-0.9244707
0.02421153
0.8648865
-0.6108699
0.1689316
0.2821042
0.513047
-0.9529655
-0.2071923
0.9859955
-0.9778502
-0.8945687
-0.9813464
0.574698
-0.7919137
-0.9944336
0.09563863
0.7152162
-0.687849
-0.1758295
0.5002158
-0.9770148
0.1381022
-0.4358968
0.7042027
-0.7519817
-0.155732
0.7172916
-0.04437983
-0.959245
0.2223655
-0.4548916
-0.1040567
0.4067924
0.6198039
-0.2672547
0.2840922
-0.006068349
0.9507704
-0.1791624
0.4266205
0.9402294
0.6905963
-0.3400711
0.7468727
-0.6102462
0.4060371
-0.26328
0.732842
0.5726764
0.3302161
-0.03106081
-0.7302344
-0.9878948
0.8536711
0.1064194
0.4733689
0.6529553
-0.2621046
-0.1961287
-0.2655538
-0.117195
0.2717442
-0.4011618
-0.9343896
0.7364223
0.91626
-0.7246928
0.7555122
0.8527899
0.5853193
-0.6662867
-0.7379518
-0.3311995
0.1382493
-0.299446
0.1763333
-0.6380005
-0.8431466
0.7838166
0.3610608
0.8757081
-0.43811
0.5260682
0.7422979
0.2153267
-0.1658198
0.4083423
-0.5211682
-0.8638406
0.6981831
0.6596575
0.821542
-0.0126704
0.5254383
-0.2409035
0.7298551
-0.6486123
-0.408553
0.928252
0.6725602
-0.7476058
-0.105405
-0.4773248
-0.9702041
0.8235583
-0.7356031
0.06564176
0.7495735
0.4732115
0.877151
-0.8425071
0.9478369
-0.9875789
-0.6958666
0.5193577
0.02846754
-0.220848
0.4310381
0.2561853
-0.3777279
0.3212371
-0.9597282
-0.9315643
0.8968537
-0.1758143
0.8491583
-0.8624594
-0.8592389
