8
6
4
3
-0.367663
-0.8741982
-0.4019495
0.9206338
-0.738591
-0.8018479
-0.1055092
-0.8472435
0.9911849
0.6210649
-0.2620455
-0.1734194
0.2689552
0.4143738
-0.599668
-0.09116256
0.4271109
-0.5501823
-0.275993
0.9838855
0.9739647
-0.6143894
0.1527032
-0.5418634
-0.4793652
0.8996375
0.9536011
0.3918745
0.08898604
0.9343853
0.3974731
-0.1150254
0.5739143
0.7011416
0.5541101
-0.2651557
0.1351162
-0.7088034
0.2203327
0.4264636
0.8806086
-0.8862114
0.6233065
0.1556648
0.6738155
-0.2023147
-0.8412569
-0.2200817
-0.02041781
0.7353592
0.1952533
0.6271672
0.405554
0.9389024
0.2929759
-0.3329536
-0.6408479
0.8989022
0.431432
0.5059927
0.7108502
-0.6364479
-0.6949322
-0.102429
0.9917233
0.2669177
-0.9273777
-0.9571559
-0.3252579
0.3418326
0.3350286
0.8961394
-0.4383062
-0.8243866
0.1170288
-0.5188026
-0.5135651
-0.7037957
0.3285987
0.8738487
-0.3561949
-0.2373279
-0.7334235
-0.3161343
0.6042714
0.5703793
0.7841215
0.6379032
0.5043831
0.0665251
0.983552
-0.5185285
0.4801783
0.5718474
0.7896631
-0.1568145
-0.8872552
-0.2177962
-0.7363405
0.1318642
