7
6
6
3
0.7774804
0.2101468
-0.8940527
0.3498821
-0.7757318
0.3965153
0.0529598
-0.05024016
-0.302055
-0.3512896
-0.6122849
0.6516166
-0.8824151
-0.711612
0.3865587
-0.9782734
-0.459627
0.09004438
0.03161395
0.4314918
0.37066
0.6968431
0.4276774
0.6301556
0.9720271
-0.2447604
-0.9757454
0.4297011
-0.2027572
-0.68241
0.9613912
0.2117835
-0.5901325
0.3925154
0.6200604
0.6451159
0.1844093
0.210194
-0.3945395
-0.0826906
-0.4325997
-0.9525702
-0.9868257
0.06434739
-0.6992166
0.06330717
0.113336
-0.8842256
-0.6594193
0.2926233
0.6462743
-0.6647303
0.8584642
0.2171432
-0.9142036
0.394891
0.3933115
-0.08807933
-0.1005832
0.4718594
0.8891406
0.05232036
0.2566261
-0.6214066
-0.3935734
-0.009327292
0.2326652
0.4962218
-0.7436566
-0.4935814
-0.3897954
-0.1637207
-0.4742426
0.6113791
-0.7531693
-0.4007772
-0.7422252
-0.7032623
-0.7932677
0.3189234
-0.2799205
-0.5740247
-0.04049313
-0.1220485
-0.3247157
-0.3285154
0.08594453
0.2683539
0.1678106
-0.7693212
0.03892934
0.4192412
-0.8083615
0.8220546
0.3001091
-0.1292661
0.0401696
-0.2956294
0.5720797
0.4295268
-0.6653385
0.6747026
-0.6035132
-0.5704479
-0.5664454
0.06625283
0.7197468
0.475295
0.5205204
0.3861019
-0.8332307
