11
8
8
3
0.5869617
-0.5639825
0.1056319
-0.6857686
0.6704457
-0.108338
-0.1295255
0.7997401
0.2841429
0.1515132
0.8536813
0.8751469
-0.5589831
-0.2813193
0.4252178
-0.6354132
-0.002745748
0.1487254
0.3674216
-0.8769393
-0.4171339
0.9220719
-0.8381565
0.1831516
-0.2854112
0.07539117
0.7897251
-0.3173417
0.7145801
0.4056556
-0.3574363
0.07892096
-0.4267725
0.7734904
0.04611981
0.7235339
-0.6987054
-0.9012105
0.7557588
0.5970464
-0.9754291
0.6563482
0.4650502
-0.729857
0.7828953
-0.4100772
0.403917
-0.8352115
0.6230733
0.217657
-0.8727019
-0.60887
0.543267
0.1673995
0.9690466
0.5227494
-0.3929814
0.163994
0.004263997
-0.1130944
0.1284734
-0.3913316
0.7652962
-0.01485026
-0.644335
-0.6598849
0.01172817
0.5398216
0.900538
-0.6172717
0.3900778
-0.7285144
0.5380065
-0.8884785
0.02959168
-0.5561287
0.09747374
-0.04712856
-0.5621786
-0.06017649
-0.5743902
0.1762553
0.1549591
0.1194915
0.2132632
-0.7362127
-0.638391
0.7499921
-0.2331644
-0.4594055
0.4411316
0.1547304
0.7075052
0.01108539
0.7849381
-0.5246897
-0.5981584
-0.04955375
-0.06459939
-0.9720507
0.1634911
-0.3628634
-0.008795619
0.6759624
-0.3650433
0.8219397
0.7863412
0.6020226
0.7662263
0.0234524
-0.1605746
0.5174541
0.8104374
0.89271
-0.6937208
0.3480589
-0.1554271
0.0004681349
0.2221423
0.8331554
0.6028633
-0.830579
0.9995351
-0.2325622
-0.2207764
0.6603055
-0.3013443
0.2928364
-0.1640085
-0.2419144
-0.3691462
0.4130923
-0.4242967
0.699012
0.4350295
-0.5962968
-0.3641378
-0.2697781
-0.9220402
-0.9630668
0.6205423
-0.3629175
-0.11878
0.8897748
0.9182818
-0.03603947
0.2809872
0.422482
-0.8242569
0.3913057
0.6335311
-0.8891737
0.6054521
-0.1209825
0.945056
0.9369299
0.5005064
-0.8870339
0.9129505
-0.4412447
0.3139362
-0.878408
-0.3669285
0.9630558
0.421828
0.5069284
0.1570793
-0.2498678
0.6441815
0.2805772
-0.4626695
0.1448814
0.7536478
-0.9762816
0.3668086
-0.1223472
-0.8855722
-0.4179016
-0.2873524
-0.1027225
0.5156906
0.2901449
0.185794
-0.07063973
0.9336014
-0.5539236
-0.8400757
0.8182344
-0.1553029
0.2736861
0.3067743
0.903821
0.05607021
0.2059394
0.02180088
0.4688041
-0.7008862
-0.8719306
0.4106731
0.5588944
